.Random.seed <-
c(10403L, 10L, -1406684564L, -1377610046L, -1573150435L, -1068607593L, 
-836693250L, -481007432L, 1572270747L, 668860665L, -1494932920L, 
-817189514L, -1509925711L, -364048157L, 2074357682L, -1426345980L, 
-619994297L, 184678941L, 268357780L, 1999724602L, -212347L, 151044959L, 
295140326L, -962890128L, -1132365421L, 1801567793L, -712346400L, 
1166026110L, -1046562807L, -737396677L, -1922038262L, 1137456620L, 
857995887L, -427510363L, -1632098980L, -1360627406L, 83920941L, 
611092199L, 1884449806L, 426538472L, 465797099L, -1281949559L, 
-1442016232L, -2146786490L, 1380852129L, 1684647987L, -1757463134L, 
-1875474284L, 167083799L, -560465651L, 1338232868L, 169947146L, 
1633981813L, -920349489L, 1918179286L, 2134628224L, -1774122045L, 
-1804001951L, -1341848624L, 831435566L, 1996345049L, -337347349L, 
-145130150L, -69267684L, -1991890401L, 1747139189L, -1120356596L, 
-556389662L, -897904707L, -551749577L, -849480994L, 286912024L, 
480227707L, 243124505L, 1414698408L, -235620010L, 1881696721L, 
-1493128829L, 497793042L, -828474460L, 1128786791L, 1758974141L, 
1421199412L, 395463578L, 973195237L, 386462591L, 1073951494L, 
-2128135024L, 1089727795L, 2027391697L, -1379078016L, 362219870L, 
1080532649L, 245262683L, 980411242L, -509621748L, -1590355377L, 
1026553605L, -1709424708L, 2071296658L, 390128013L, 1228835271L, 
-93152594L, -1625869560L, 403583243L, -1028624407L, -1643341640L, 
-1891045530L, 1105067009L, -215700845L, -1335640766L, -4680972L, 
594697975L, -797376787L, -1188058748L, -65624150L, 31284501L, 
706762671L, -2114168906L, -21713440L, -480574173L, -168035775L, 
1746277680L, -1521365170L, -1022421575L, 1803184075L, 2031516794L, 
1942297980L, 824522175L, 640578197L, -814305108L, -182863230L, 
285356637L, -841071273L, -896948162L, 1250511992L, 253327195L, 
-1913498951L, 1250782984L, 650798518L, 563256049L, -1492185821L, 
-1363957902L, -2109266492L, -1139909241L, -1458942115L, 632209748L, 
1356919674L, -1714019643L, 175277087L, -423431258L, -1798224592L, 
948398035L, 184059377L, 1854952224L, 52338110L, -1452010039L, 
1495722363L, -434180278L, 1550553004L, -1390930257L, -926432155L, 
464217116L, 450366066L, 1848061165L, 1843926311L, 1731387726L, 
-86437464L, -253786709L, -558104887L, -38009128L, -246281338L, 
1988263521L, 1348650995L, 1221007970L, -1923023660L, -1387455017L, 
1457625037L, -1827060892L, -294467766L, 132923061L, 24229391L, 
-635681002L, 1022837184L, 1531355523L, 528267169L, -2056079472L, 
1733889134L, -1202873831L, -195788117L, 1546540698L, -330464676L, 
1666727775L, -562835147L, -1869123380L, 169204258L, 542839933L, 
708390263L, 168624798L, -1152233128L, -469645125L, 951932505L, 
1122993640L, 99287062L, 673606545L, -1924869053L, -1062999214L, 
778448868L, -1536070105L, 77293181L, 414562164L, 1807133530L, 
211123621L, 1567439295L, -210144698L, -1039736624L, -1382827277L, 
-882361327L, 352078400L, 854593054L, -568768279L, -1185609189L, 
617101866L, 1144466764L, -1420234993L, -218025403L, -821947396L, 
266750546L, -1890928691L, 1369133904L, -1282214292L, 2112327828L, 
-1000529582L, 541769440L, -1665060148L, -568651616L, 1772321666L, 
1255256808L, -1073655060L, 1685613628L, -2053086606L, -2144631696L, 
-1219164636L, 1480877112L, 1760528410L, -986395952L, 1461281852L, 
716305556L, 726871170L, -119699520L, -1990018756L, 743707280L, 
768506914L, 86942728L, 631470220L, 2124385308L, -1574689134L, 
304125056L, 1936416788L, -1585568472L, -1087820230L, 993731792L, 
-338181012L, -1328000332L, 1191028754L, -708782112L, 1014075340L, 
-99422752L, -588435934L, 1424304424L, -1428786932L, -1869957572L, 
1674961138L, 1553005296L, -124984508L, -1871959464L, -577088966L, 
-1743681808L, 589659324L, -1520398828L, -625467198L, -152014752L, 
280268156L, 925834448L, -1660986334L, 253237928L, 1930653580L, 
-691365444L, -1789922254L, 1081694016L, -1694861132L, 2045952840L, 
2110462650L, 1366019856L, -224192276L, 1812100180L, -4520174L, 
972321696L, 2049089484L, -1868371104L, 765505730L, -62941656L, 
-1709226580L, -840130756L, -1168642190L, -1328807120L, -501513692L, 
-197455816L, 245476570L, -1071341168L, 1512810236L, -10600556L, 
1045193538L, -1904469504L, -163020228L, -701680048L, 88003234L, 
822668104L, 1631304204L, -1076368164L, 1746887250L, -829876096L, 
-851002540L, 503615976L, 1115540218L, 1662261072L, 991069228L, 
-1749224076L, 1348300434L, 745454176L, -1311837556L, -1783551136L, 
-1748815134L, 1629632680L, -2089971508L, -101084676L, -965804110L, 
781374960L, -1798976060L, -1441773736L, -385082502L, 939302320L, 
-1184742980L, -1397444524L, 729273282L, 1372549920L, -2127407172L, 
1316655696L, -161546782L, -449592984L, -5624500L, 1379381500L, 
1045349106L, -1394868480L, 1122655860L, -463106040L, 1914274234L, 
757604304L, -164652564L, -1113688172L, -1609653550L, 1611742816L, 
1215145292L, -867457760L, -1711961470L, -604243480L, 2113880044L, 
-1590442436L, -47286670L, 1826147184L, -599017180L, 905318968L, 
-463558246L, -1612867120L, 226608572L, 1840806036L, 1972573314L, 
1398769088L, -2129638596L, -1495987056L, 1451084578L, -586467832L, 
1932129548L, 622675356L, 561298962L, 1625230208L, 1576624916L, 
292831528L, -266173382L, -157578288L, 399747692L, -559865292L, 
1762847378L, -2053790368L, -1970144948L, 785197024L, -874703454L, 
1820149160L, -1886026100L, -1686782532L, 1275756146L, -1694059536L, 
-1073787324L, 1824972888L, 1334044730L, 507965552L, -1764222916L, 
-213425900L, 262079170L, 171362016L, 50247804L, -349595952L, 
774543778L, 1277294632L, 575818508L, 89065916L, -1221418190L, 
-1892660544L, -1958876108L, -1017430328L, -371854150L, 1813812880L, 
1174515436L, -766617004L, 1641480850L, -989181664L, -1901882932L, 
83608288L, 1306640578L, -561886168L, 929241004L, -959993156L, 
-1612129294L, 1508824624L, 1673826212L, 820268472L, 2121455450L, 
-1107963760L, 2076920700L, -322330348L, 1139263810L, 1577914624L, 
-1337238084L, 1288708432L, -611608286L, -1223353784L, 852717580L, 
1626678876L, -693564974L, -2130070016L, 1711596884L, 1055403240L, 
-1278766854L, 236562128L, 194702124L, 1530704116L, 606939973L, 
366378850L, 1965875408L, 313904121L, 368994091L, 1332032668L, 
-1774589238L, -1249369153L, 1403440905L, 721213470L, 1845037516L, 
1209205661L, -182583769L, 896586832L, 742546670L, -1017947749L, 
-503934979L, -598705430L, 147434888L, -1571136719L, -685493341L, 
501969828L, 1920474706L, -2039947865L, 2024888817L, -1974022858L, 
433550804L, 416004965L, 951198575L, -392118872L, -250739962L, 
1741518387L, 1080360085L, 1893713138L, -484858560L, -64230743L, 
-335846629L, -142437140L, -1655252742L, 412043567L, 129117497L, 
405462862L, -433932900L, -1433970931L, 1828987255L, 2137322880L, 
-1744583714L, 493694123L, -2051983443L, -1373565926L, -1860877608L, 
154651457L, -543937549L, -1876232684L, 117436322L, 1909870775L, 
1053166209L, -271197562L, -1261004092L, 1280613365L, 1898918495L, 
1233274040L, 1508491670L, -211338333L, 1251843941L, 493024898L, 
465773552L, 1750676889L, 1699306379L, -444303748L, -583717718L, 
-338542881L, -722914199L, 1061801598L, -697375124L, 1135307453L, 
-811804793L, 1479381872L, -52567538L, -1696878789L, -1961454563L, 
-94823222L, -76797976L, -661441327L, -1282178877L, 826140612L, 
-174914446L, -1513243321L, 1766510865L, -1133824874L, -875623948L, 
-1850909819L, -103501105L, 1438150600L, 1739433574L, -527120237L, 
1066530805L, -430411310L, -603358688L, -1364536311L, 1768655163L, 
1424424076L, -1686595302L, 113614735L, 698376409L, 489336686L, 
-1920641284L, 2053117037L, 1025814551L, 2146314720L, -1400433218L, 
961395595L, 41831437L, 810515514L, -819098504L, -1215297503L, 
1168638675L, 1369993716L, 1021663874L, 11417367L, -412369439L, 
2098541350L, 647769636L, -468625195L, -399542145L, -237888232L, 
-1658629066L, -1829668157L, 1697814277L, 807422626L, -1592465264L, 
1025415225L, 1892608235L, -422852132L, -657567734L, 1897877247L, 
-1122115767L, -669805346L, -718198132L, 1563082333L, 1724466279L, 
103401872L, 1566251438L, 1525218395L, -180151235L, -1490931030L, 
1999589192L, -1672330383L, 717776099L, 1848241124L, -705381614L, 
